test_error: 0.010315041057765484
test_loss: 0.0005872466950677335
