test_loss: 0.00036291930990926623
test_error: 0.005714904982596636
