test_error: 0.10130580514669418
test_loss: 0.03283980032801628
