test_error: 0.005200476851314306
test_loss: 0.00035331765247974544
