test_error: 0.008323048241436481
test_loss: 0.00041506923153065143
