test_error: 0.008745421655476093
test_loss: 0.000374466716311872
